0 350 3 3 3 3 3 3
1 0 2 2 2 2 2 2
2 0 2 2 1 4 4 4
3 0 2 0 4 4 4 4
4 0 2 2 2 1 4 4
5 50 2 2 2 2 2 2
6 128 2 4 2 2 2 2
7 128 3 3 3 4 4 4
8 128 3 0 3 4 4 4
9 50 2 2 2 2 1 4
10 242 2 4 4 2 2 2
11 50 2 2 2 2 2 1
12 242 3 3 3 3 4 4
13 322 2 4 4 4 2 2
14 50 2 2 2 2 2 0
15 128 2 4 2 2 2 1
16 128 2 4 2 2 2 0
17 128 3 1 3 4 4 4
18 128 3 0 3 4 4 4
19 242 2 4 4 2 2 1
20 242 2 4 4 2 2 0
21 242 3 1 3 3 4 4
22 242 3 0 3 3 4 4
23 322 2 4 4 4 2 1
24 322 2 4 4 4 2 0
25 322 3 3 3 3 3 4
26 322 3 1 3 3 3 4
27 322 3 0 3 3 3 4
28 410 3 1 3 3 3 3
29 410 3 0 3 3 3 3
30 410 3 4 4 4 1 3
31 410 2 4 4 4 4 2
32 410 3 3 3 3 3 3
33 0 2 2 2 2 2 2
34 0 2 2 2 2 2 2
35 0 2 2 2 2 2 2
36 0 2 2 2 2 2 2
37 0 2 2 2 2 2 2
38 0 2 2 2 2 2 2
39 0 2 2 2 2 2 2
40 0 2 2 2 2 2 2
41 475 3 3 3 3 3 3
42 475 3 3 3 3 3 3
43 475 3 3 3 3 3 3
44 475 3 3 3 3 3 3
45 475 3 3 3 3 3 3
46 475 3 3 3 3 3 3
47 475 3 3 3 3 3 3
48 475 3 3 3 3 3 3
49 475 3 3 3 3 3 3
50 475 3 3 3 3 3 3
51 0 2 2 2 2 2 2
52 0 2 2 2 2 2 2











route | start_pos | driving_direction | Intersection 0 (50-65) | Intersection 1 (128-143) | Intersection 2 (242-257) | Intersection 3 (322-337) | Intersection 4 (410-425)|

direction 0 = "North"
direction 1 = "South"
direction 2: = "East"
direction 3: = "West"
direction 4: = "Out of system"